
control BGH calor 24C fan 20%									control BGH calor 24C fan 20% (off 0.5h)						control BGH calor 24C fan 20% (off 1h)					control BGH calor 24C fan 20% (off 1.5h)                control BGH calor 24C fan 20% (off 3h)
                     fffttttt
S1 10110010 01001101 11111111 00000000 01001100 10110011		S1 10110010 01001101 11100001 00011110 01001100 01111111		S1 101100100100110111100011000111000100110001111111		S1 101100100100110111100101000110100100110001111111     S1 101100100100110111101011000101000100110001111111
S2 10110010 01001101 11111111 00000000 01001100 10110011		S2 10110010 01001101 11100001 00011110 01001100 01111111		S2 101100100100110111100011000111000100110001111111		S2 101100100100110111100101000110100100110001111111     S2 101100100100110111101011000101000100110001111111
S3 11010101 00010100 00000000 00000000 00000000 11101001		S3 11010101 00010100 00000000 00000000 00000000 11101001		S3 110101010001010000000000000000000000000011101001		S3 110101010001010000000000000000000000000011101001     S3 110101010001010000000000000000000000000011101001

control BGH calor 24C fan 60%									control BGH calor 24C fan 60% (off 0.5h)
S1 10110010 01001101 01011111 10100000 01001100 10110011		S1 10110010 01001101 01000001 10111110 01001100 01111111
S2 10110010 01001101 01011111 10100000 01001100 10110011		S2 10110010 01001101 01000001 10111110 01001100 01111111
S3 11010101 00111100 00000000 00000000 00000000 00010001		S3 11010101 00111100 00000000 00000000 00000000 00010001

control BGH calor 24C fan 100%

S1 10110010 01001101 00111111 11000000 01001100 10110011
S2 10110010 01001101 00111111 11000000 01001100 10110011
S3 11010101 01100100 00000000 00000000 00000000 00111001

control BGH calor 24C fan auto
S1 101100100100110110111111010000000100110010110011
S2 101100100100110110111111010000000100110010110011
S3 110101010110011000000000000000000000000000111011

--------------------------

web control calor 24C fan 20%
S1 101100100100110110111111010000000100110010110011
S2 101100100100110110111111010000000100110010110011
S3 110101010110011000000000000000000000000000111011

web control calor 24C fan 60%
S1 101100100100110110111111010000000100110010110011
S2 101100100100110110111111010000000100110010110011
S3 110101010110011000000000000000000000000000111011

web control calor 24C fan 100%
S1 101100100100110110111111010000000100110010110011
S2 101100100100110110111111010000000100110010110011
S3 110101010110011000000000000000000000000000111011

web control calor 24C fan auto
S1 101100100100110110111111010000000100110010110011
S2 101100100100110110111111010000000100110010110011
S3 110101010110011000000000000000000000000000111011

----------------

off 0.5 1 1.5 2 2.5 3 3.5 4 4.5 5 5.5 6 6.5 7 7.5 8 8.5 9 9.5 10 11 12 13 14 15 16 17 18 19 20 21 22 23 24

análisis toff
20% 0 	1011 0010 0100 1101 1111 1111 0000 0000 0100 1100 1011 0011		1101 0101 0001 0100 0000 0000 0000 0000 0000 0000 1110 1001
20% 0.5	1011 0010 0100 1101 1110 0001 0001 1110 0100 1100 0111 1111		1101 0101 0001 0100 0000 0000 0000 0000 0000 0000 1110 1001
20% 1	1011 0010 0100 1101 1110 0011 0001 1100 0100 1100 0111 1111		1101 0101 0001 0100 0000 0000 0000 0000 0000 0000 1110 1001
20% 1.5 1011 0010 0100 1101 1110 0101 0001 1010 0100 1100 0111 1111
20% 3	1011 0010 0100 1101 1110 1011 0001 0100 0100 1100 0111 1111


60% 0 1011 0010 0100 1101 0101 1111 1010 0000 0100 1100 1011 0011		1101 0101 0011 1100 0000 0000 0000 0000 0000 0000 0001 0001

0.5 1 1110 0001 225
1	2 1110 0011 227
1.5	3 1110 0101 229
2	4 1110
2.5	5 1110
3	6 1110 1011 235
3.5
4
4.5
5
5.5
6
6.5
7
7.5
8
8.5
9
9.5
10
11
12
13
14
15
16
17
18
19
20
21
22
23
24

---- campos struct original
control	10110010 01001101 11111111 00000000 01001100 10110011
web		10110010  1001101 11111111 0         1001100 10110011
		10110010  1001101 11111111          01001100 10110011
		10110010  1001101 11111111          01001100 10110011
		10110010  1001101 11111111          01001100 10110011
		10110010  1001101 11111111          01001100 10110011

control	110101010001010000000000000000000000000011101001
web		11010101   101                     0000011101001
		11010101   101                     0000011101001
		11010101   101                     0000011101001
		11010101   101                     0000011101001
		11010101   101                     0000011101001

toff 0.5 control	10110010 01001101 11100001 00011110 01001100 01111111
             web	10110010  1001101 11100001    11110  1001100  1111111
			        10110010  1001101 11100001    11110  1001100  1111111

toff 0.5 control    11010101 00010100 00000000 00000000 00000000 11101001
			 web	11010101    10100                         00011101001

toff 1 control		10110010 01001101 11100011 00011100 01001100 01111111
			web		10110010  1001101 11100011    11100  1001100  1111111
			        10110010  1001101 11100011    11100  1001100  1111111
					
		control		110101010001010000000000000000000000000011101001
					11010101   10100000                     11101001

